100 0.037505149841309 8.29884004884 2.0239324309847E-6
100 0.043505907058716 8.29884004884 2.0239324309847E-6
100 0.042505025863647 8.29884004884 2.0239324309847E-6
100 0.043505907058716 8.29884004884 2.0239324309847E-6
100 0.048006057739258 8.29884004884 2.0239324309847E-6
100 0.044504880905151 8.29884004884 2.0239324309847E-6
100 0.04050612449646 8.29884004884 2.0239324309847E-6
100 0.039505004882812 8.29884004884 2.0239324309847E-6
1000 2.9903788566589 9.0110720653255 2.0119201306357E-5
1000 3.2669150829315 9.0110720653255 2.0119201306357E-5
1000 3.3479261398315 9.0110720653255 2.0119201306357E-5
1000 3.4074320793152 9.0110720653255 2.0119201306357E-5
1000 3.3469250202179 9.0110720653255 2.0119201306357E-5
1000 3.4159331321716 9.0110720653255 2.0119201306357E-5
1000 3.4614400863647 9.0110720653255 2.0119201306357E-5
1000 3.3899309635162 9.0110720653255 2.0119201306357E-5
10000 521.2686920166 7.8064964029146 0.00021671010958268
10000 637.81049108505 7.8064964029146 0.00021671010958268
10000 749.34615492821 7.8064964029146 0.00021671010958268
10000 772.72262382507 7.8064964029146 0.00021671010958268
10000 776.38858914375 7.8064964029146 0.00021671010958268
10000 775.91202807426 7.8064964029146 0.00021671010958268
10000 811.65656709671 7.8064964029146 0.00021671010958268
10000 756.56757187843 7.8064964029146 0.00021671010958268
40000 6539.412899971 7.8534928036926 0.00087382233479606
40000 6635.1345551014 7.8534928036926 0.00087382233479606
40000 6561.7142319679 7.8534928036926 0.00087382233479606
40000 6588.5211360455 7.8534928036926 0.00087382233479606
40000 7793.9417049885 7.8534928036926 0.00087382233479606
40000 7878.1689009666 7.8534928036926 0.00087382233479606
40000 6572.0490441322 7.8534928036926 0.00087382233479606
40000 6510.3057031631 7.8534928036926 0.00087382233479606
