100 0.022502899169922 8.3091393255867 1.9119785384607E-6
100 0.022002935409546 8.3091393255867 1.9119785384607E-6
100 0.025002956390381 8.3091393255867 1.9119785384607E-6
100 0.025502920150757 8.3091393255867 1.9119785384607E-6
100 0.024003028869629 8.3091393255867 1.9119785384607E-6
100 0.024003028869629 8.3091393255867 1.9119785384607E-6
100 0.026504039764404 8.3091393255867 1.9119785384607E-6
100 0.026503086090088 8.3091393255867 1.9119785384607E-6
1000 0.35754609107971 9.0110720653255 2.0119201306357E-5
1000 0.36254596710205 9.0110720653255 2.0119201306357E-5
1000 0.37354683876038 9.0110720653255 2.0119201306357E-5
1000 0.37854790687561 9.0110720653255 2.0119201306357E-5
1000 0.36804699897766 9.0110720653255 2.0119201306357E-5
1000 0.45005798339844 9.0110720653255 2.0119201306357E-5
1000 0.39354991912842 9.0110720653255 2.0119201306357E-5
1000 0.39354991912842 9.0110720653255 2.0119201306357E-5
10000 29.043188095093 7.8064964029146 0.00021671010958268
10000 31.934054851532 7.8064964029146 0.00021671010958268
10000 34.885429859161 7.8064964029146 0.00021671010958268
10000 34.231346845627 7.8064964029146 0.00021671010958268
10000 35.568516016006 7.8064964029146 0.00021671010958268
10000 36.388121128082 7.8064964029146 0.00021671010958268
10000 34.844924926758 7.8064964029146 0.00021671010958268
10000 33.938309907913 7.8064964029146 0.00021671010958268
40000 133.63046908379 8.5984004632132 0.00085629998535098
40000 140.71786904335 8.5984004632132 0.00085629998535098
40000 153.95204901695 8.5984004632132 0.00085629998535098
40000 151.94579410553 8.5984004632132 0.00085629998535098
40000 155.65276503563 8.5984004632132 0.00085629998535098
40000 152.80090403557 8.5984004632132 0.00085629998535098
40000 149.47898197174 8.5984004632132 0.00085629998535098
40000 151.18219804764 8.5984004632132 0.00085629998535098
