100 0.02750301361084 8.3743062493062 1.9897656543897E-6
100 0.029504060745239 12.786375661376 2.117955905511E-6
100 0.01600193977356 8.9748862248862 1.9909395806131E-6
100 0.017502069473267 8.8875661375661 2.0914132819562E-6
100 0.02700400352478 8.3743062493062 1.9897656543897E-6
100 0.015002012252808 10.879447181171 2.0952605343866E-6
100 0.019501924514771 8.0197996447996 1.9051176124929E-6
100 0.02500319480896 8.8252442002442 1.9496138758175E-6
1000 0.58857488632202 8.9830860433181 2.0185671328884E-5
1000 0.63758111000061 8.148025967092 2.0363495943194E-5
1000 0.42205405235291 9.1915048183042 2.1001917212383E-5
1000 0.78760004043579 8.4755387039401 2.031476112258E-5
1000 0.38904905319214 8.952775117054 2.0247173705443E-5
1000 0.39855098724365 9.0312746324785 2.0195728081964E-5
1000 0.61407804489136 9.0665145078131 2.0194914818878E-5
1000 0.64808201789856 9.0665145078131 2.0194914818878E-5
10000 14.253309965134 7.8386486231692 0.00021676533166393
10000 44.001586914062 7.8538627237144 0.00021799665835365
10000 11.071405887604 7.897089418962 0.00021710220946093
10000 21.334208965302 7.9821665407743 0.00021866700455772
10000 33.665275096893 7.815558604263 0.00021679033198993
10000 16.544600963593 7.7969766555607 0.00021711684398967
10000 32.156083106995 7.815558604263 0.00021679033198993
10000 31.32097697258 8.4549700117764 0.0002118913290357
40000 175.37026906013 8.5809349230229 0.00085992442685438
40000 315.67908596992 7.8829623368185 0.00087871573920498
40000 165.277987957 8.597320105855 0.00085631142679132
40000 743.52941608429 7.8731148780737 0.00087352709826826
40000 155.50024604797 8.5852455527931 0.00086042377013002
40000 134.12603211403 8.5979954499992 0.00085632757153576
40000 122.26102495193 8.5979954499992 0.00085632757153576
40000 744.5145418644 7.8814573919961 0.00087350809170669
