100 0.022002935409546 8.1103974527888 2.0982406828629E-6
100 0.038505077362061 8.5189185814186 1.9481065418004E-6
100 0.015501976013184 8.5972222222222 1.9193842503221E-6
100 0.02150297164917 8.7002412791886 2.0962081930053E-6
100 0.022002935409546 8.6924603174603 2.0120929039662E-6
100 0.043504953384399 8.2968142968143 2.0978091366354E-6
100 0.02400279045105 8.0388257575758 2.1565682547668E-6
100 0.021003007888794 8.8604173604174 1.9548459094172E-6
1000 0.48156189918518 9.1713632571806 2.0259458526004E-5
1000 0.40405106544495 8.4534355426241 2.1287537202985E-5
1000 0.7475950717926 8.3161803107243 2.0556625094181E-5
1000 0.85110807418823 8.4688563407583 2.0439036252991E-5
1000 0.39405012130737 8.1147458651185 2.0451021435218E-5
1000 0.49306297302246 8.9595357670834 2.0164202100297E-5
1000 0.55507111549377 8.4292035222657 2.0504085666057E-5
1000 0.52556610107422 8.4005834943866 2.0630029000795E-5
10000 21.922282934189 8.4549700117764 0.0002118913290357
10000 17.148677110672 7.8476501571286 0.00021690347939393
10000 62.066380977631 7.8329161622357 0.00021798739063851
10000 19.056420087814 7.7273499692328 0.00021682992027972
10000 15.924521923065 7.853877756124 0.00021684834620728
10000 81.296322822571 8.4549700117764 0.0002118913290357
10000 20.069048881531 7.942524032825 0.00021773745403292
10000 24.212074995041 8.4549700117764 0.0002118913290357
40000 263.6304769516 7.90716603389 0.00087969553218002
40000 272.7046289444 7.8955952094902 0.00087694769346576
40000 723.24433994293 7.8395685363305 0.00087493150478988
40000 788.63314390182 7.8900953542476 0.00087368936091987
40000 565.26327991486 7.8534455310193 0.00087382234532072
40000 371.97323393822 8.5929191891177 0.000857080481346
40000 130.85161614418 7.8795413327237 0.00087767794890156
40000 647.05016493797 7.8814573919961 0.00087350809170669
